Llamados_ventas <- c(96, 40, 104, 128, 164, 76, 72, 80, 84, 180, 44, 36)
planes_contratados <- c(41, 41, 51, 53, 60, 61, 50, 28, 48, 70, 33, 30)
